1 1 1 1 1 1 1 1 1 1 1 1 3 1 1 1 1 1 1 1
1 1 1 1 1 1 1 1 1 1 1 1 3 1 1 1 1 1 1 1
0 0 0 0 0 0 0 1 1 1 1 1 0 0 0 0 0 0 0 0
0 0 0 0 0 0 0 1 1 1 1 1 0 0 0 0 0 0 0 0
0 0 0 0 0 0 0 1 1 1 1 1 0 0 0 0 0 0 0 0
1 1 1 1 1 1 1 1 1 1 1 1 1 1 1 1 1 1 1 1
1 1 1 1 1 1 1 1 1 1 1 1 1 1 1 1 1 1 1 1
1 1 1 1 1 1 0 0 0 0 0 0 1 1 1 1 1 1 1 1
1 1 1 1 1 1 0 0 0 0 0 0 1 1 1 1 1 1 1 1
1 1 1 1 1 1 0 0 0 0 0 0 1 1 1 1 1 1 1 1
1 1 1 1 1 1 0 0 0 0 0 0 1 1 1 1 1 1 1 1
1 1 1 1 1 1 0 0 0 0 0 0 1 1 1 1 1 1 1 1
1 1 1 1 1 1 0 0 0 0 0 0 1 1 1 1 1 1 1 1
1 1 1 1 1 1 1 1 1 1 1 1 1 1 1 1 1 1 1 1
1 1 1 1 1 1 1 1 1 1 1 1 1 1 1 1 1 2 2 2
1 1 1 1 1 1 1 1 1 1 1 1 1 1 1 1 1 2 2 2
1 1 1 0 0 0 0 0 0 0 0 0 0 0 0 0 0 2 2 2
1 1 1 1 1 1 1 1 1 1 1 1 1 1 2 2 2 1 1 1
3 0 0 0 0 0 1 1 1 1 1 1 1 1 2 2 2 1 1 1
1 1 1 1 1 3 1 1 1 1 1 1 1 1 2 2 2 1 1 4
END_MAP
Weapon,Doran's Blade,15,2,19,0
Armor,Doran's Sheild,5,15,2,19
Potion,Health Potion,30,19,1
END_ITEM
RegularMonster,Crimson Raptor,60,20,10,16,11
RegularMonster,Ancient Krug,60,25,10,2,12
END_MONSTER
0
